0
0
475403.223743649
1919190.3687752
4326326.82026308
7689799.27288563
12002127.1038732
17255759.7479144
23443165.4248262
30556385.4364535
38586978.9450876
47526088.7983432
57364628.4705079
68093305.4121093
79702512.2119871
92182270.4326378
105522321.345991
119711987.949659
134740493.12869
150596718.07173
167269223.033217
184746340.64829
203015990.291474
222066511.347605
241884225.633331
262457868.607956
283773450.978891
305817743.971078
328577933.524229
352039587.993405
376189745.062641
401014001.711482
426497163.615919
452624909.761507
479382989.703035
506757040.385136
534730464.139674
563288716.428743
592416735.310447
622097959.07816
652317580.296936
683059257.530101
714305859.197964
746042094.070801
778251792.924409
810917317.613095
844024070.770728
877552908.278105
911488844.920891
945813086.636466
980510479.671016
1015562785.11442
1050952658.25137
1086662612.73006
1122676575.20461
1158974796.65647
1195543708.56966
1232362081.83247
1269413732.32272
1306680331.98157
1344145369.89357
1381790232.77512
1419597099.84281
1457550211.2873
1495629985.12332
1533819431.07896
1572099973.92211
1610455347.55686
1648868118.30778
1687318367.03694
1725791970.27946
1764268496.23494
1802732399.47698
1841165834.52184
1879551472.51047
1917871642.9039
1956110831.88573
1994249649.09016
2032272025.3568
2070161975.59639
2107902758.80911
2145476865.21418
2182867875.03209
2220062531.67167
2257038077.5987
2293785894.91972
2330283692.77672
2366520431.99446
2402477040.38418
2438139997.7978
2473494033.83863
2508522590.64886
2543213730.95748
2577549985.26883
2611517062.86154
2645101399.31838
2678287626.88482
2711063420.64058
2743415806.84232
2775328111.7595
2806788490.92948
2837785474.99161
2868305197.39053
2898334146.16173
2927859773.45745
2956872201.1976
2985356692.05125
3013305235.50813
3040702685.80294
3067539269.33626
3093805951.69446
3119490775.96902
3144582479.79006
3169072273.23367
3192950428.88096
3216207118.76986
3238834418.49919
3260822208.32915
3282160892.97242
3302844343.26092
3322863504.3925
3342209393.32683
3360876858.69468
3378859095.19763
3396146366.7283
3412735547.32897
3428619497.8144
3443791427.2592
3458244853.24179
3471977264.77313
3484981964.37282
3497254450.49511
3508792192.54918
3519588524.94111
3529643085.38431
3538949330.75176
3547507136.69676
3555311042.26645
3562360563.4951
3568652938.74145
3574188001.83727
3578962389.37247
3582976013.47191
3586227836.5757
3588718285.08016
3590446016.44126
3591413285.4504
3591618910.6508
3591063292.00322
3589748715.76342
3587678454.34848
3584852112.8992
3581271965.19943
3576940374.75974
3571861066.02696
3566036363.1132
3559471049.76022
3552166394.32948
3544129951.54516
3535362800.38055
3525871883.53486
3515660159.58311
3504733526.6744
3493098487.7828
3480760042.79925
3467724497.99791
3453998261.2137
3439587988.70531
3424498933.03431
3408741574.62602
3392321839.76274
3375246966.95161
3357526039.50236
3339167162.61303
3320176914.25977
3300566402.3568
3280343547.49835
3259517879.06636
3238100628.29489
3216099113.59078
3193523185.54173
3170385234.14142
3146694488.67742
3122461468.97078
3097697355.59279
3072412925.36427
3046620147.36498
3020329096.42256
2993553444.30786
2966303408.22563
2938591954.51792
2910430792.48655
2881832530.90951
2852809941.1504
2823375694.16215
2793542217.54585
2763323172.26584
2732731493.24308
2701779909.46893
2670482992.73295
2638854088.7711
2606905598.23753
2574653360.68944
2542109638.46744
2509288920.10798
2476206293.68787
2442875323.71889
2409309726.16163
2375524860.01683
2341534740.62841
2307353632.96794
2272997146.2795
2238478839.00934
2203814294.60691
2169017487.00546
2134104319.39379
2099088274.62985
2063985206.07357
2028810057.3598
1993577262.16017
1958301679.90041
1922998458.18347
1887682574.03669
1852368800.88182
1817071718.50732
1781807145.10044
1746588960.43419
1711432443.21643
1676352252.37749
1641362600.06257
1606479309.76721
1571715978.54068
1537087390.08643
1502608355.41532
1468293082.98391
1434155871.38888
1400210606.01779
1366472170.83565
1332953996.55078
1299670175.43895
1266634520.28587
1233860817.26913
1201362998.60961
1169153805.78818
1137247127.88187
1105655923.54774
1074393345.54298
1043472228.46917
1012905370.01643
982705452.756348
952884784.206357
923455621.206928
894430269.802783
865820345.26773
837637735.159158
809894169.00361
782600795.90363
755768795.018452
729409219.348973
703532844.735554
678150072.975616
653271439.605304
628906787.176893
605066559.279336
581759946.591404
558996575.316657
536785688.780811
515136255.900597
494057011.903378
473556539.607154
453643121.511738
434324584.72038
415608994.640019
397503592.053082
380015811.578056
363152595.321247
346920670.099292
331326525.300232
316376322.335036
302076071.734707
288431372.282123
275447630.273006
263130032.731904
251483289.397265
240512054.703213
230220563.49077
220612808.915913
211692507.634228
203463111.339311
195927735.212444
189089255.206876
182950183.677153
177512861.003443
172779204.767767
168750947.607848
165429499.46259
162815928.344777
160911117.274236
159715568.124931
159229477.254327
159452865.575089
160385304.281162
162026244.339048
164374692.222565
167429457.827046
171189035.074124
175651627.769883
180815121.687838
186677205.325638
193235183.064493
200486137.467196
208426851.546072
217053800.707488
226363219.969285
236351043.150686
247012943.148845
258344296.178949
270340261.686661
282995719.346506
296305226.605404
310263165.904071
324863623.402178
340100449.10704
355967324.067992
372457697.35748
389564815.555144
407281810.403397
425601653.67362
444517361.758822
464021753.372761
484107828.417866
504768662.98098
525997545.717575
547788067.977271
570134313.739299
593030614.408049
616472036.18344
640454156.964067
664973321.125599
690026163.676035
715610164.728684
741723201.298343
768363096.452764
795527824.603898
823215151.725874
851421949.284023
880144199.032559
909376869.959046
939113163.513939
969344963.072922
1000062383.29177
1031254129.67772
1062907780.6696
1095009841.16247
1127546425.12497
1160503431.56564
1193866719.51267
1227622681.15872
1261757992.04805
1296259219.05284
1331113232.20837
1366306322.65492
1401824052.91094
1437651061.71236
1473771113.55044
1510166411.08149
1546819117.62693
1583710193.74208
1620820993.01592
1658132772.45457
1695627406.34535
1733287189.76327
1771094157.75055
1809030922.96696
1847079201.76289
1885220159.90096
1923434136.787
1961701138.50767
2000000249.21116
2038310913.44415
2076612771.18492
2114886045.83004
2153111122.56765
2191269177.91948
2229340870.69597
2267306706.33323
2305147041.07292
2342841217.34011
2380368426.22327
2417708450.06995
2454840349.45511
2491744969.20669
2528402747.64556
2564795100.29261
2600903395.98618
2636708467.52264
2672191227.05633
2707332318.44052
2742112157.68328
2776511591.06493
2810512180.31156
2844095688.25982
2877245036.40499
2909943000.94153
2942172390.55728
2973916157.5605
3005156810.02054
3035877046.39665
3066059992.38111
3095689562.53495
3124749817.4827
3153226199.78269
3181103666.46163
3208368119.03142
3235004612.87325
3260998770.72436
3286335915.33536
3311002696.11164
3334985586.73838
3358272790.91415
3380852179.22536
3402712476.89707
3423841753.93596
3444229092.11521
3463862913.99647
3482732901.60594
3500828730.54456
3518141304.30053
3534662288.16022
3550383061.23863
3565295914.70119
3579392658.01795
3592665539.30468
3605107347.96117
3616711630.55393
3627472756.31706
3637385668.15292
3646445631.96832
3654647800.90651
3661988194.02221
3668462399.61685
3674067026.95783
3678799419.46034
3682657238.78462
3685639341.2677
3687744480.45636
3688971536.62936
3689319928.58582
3688789200.65514
3687379457.35641
3685091940.18329
3681928070.29213
3677890247.84311
3672980606.60526
3667201689.99993
3660556457.4578
3653047937.48248
3644680404.79963
3635458235.28136
3625386895.15673
3614471854.79405
3602718512.08032
3590133106.92356
3576721718.85606
3562491152.12357
3547448951.32723
3531603252.93103
3514962384.00784
3497535200.6913
3479330095.01468
3460356292.73184
3440623344.09856
3420141190.84971
3398920819.32218
3376973052.57995
3354309214.84626
3330940583.43104
3306878660.25751
3282135514.03988
3256723511.0706
3230655782.82665
3203945677.34799
3176606581.47001
3148652192.64641
3120095885.57055
3090952122.48067
3061235148.4333
3030960178.36563
3000142436.56468
2968797083.30608
2936939833.44641
2904585901.35901
2871751125.22808
2838451800.55
2804704545.98552
2770526025.82383
2735933272.69888
2700942828.80688
2665571618.53723
2629836849.13662
2593756016.40059
2557346728.91206
2520627033.22908
2483614881.41557
2446327674.43029
2408783459.7721
2371000298.47288
2332996243.41342
2294790127.2307
2256400408.23028
2217845409.18427
2179143284.36448
2140312633.26958
2101371828.44882
2062339475.10731
2023234556.3989
1984075733.72371
1944881563.68634
1905670257.58766
1866460276.46725
1827270201.26802
1788118675.72731
1749024473.22332
1710005716.66805
1671080869.37137
1632267811.89312
1593584703.33557
1555049637.08803
1516680795.09779
1478496292.73198
1440513752.92475
1402750511.18374
1365223991.74393
1327951629.83318
1290950574.58795
1254238248.56537
1217831520.98206
1181746982.2096
1146000859.74141
1110609646.74235
1075589320.30364
1040956254.34568
1006726171.02827
972914557.616202
939536575.005999
906607203.931967
874141200.920467
842153417.34335
810658270.099964
779669969.645895
749202166.296271
719268282.362585
689881560.800866
661055225.883011
632802040.799801
605134595.438855
578064935.529615
551604862.766419
525765710.303592
500558880.956843
475995423.529392
452086049.075466
428841073.642472
406270334.682275
384383295.927254
363189289.426907
342697446.785081
322916495.273151
303854809.531842
285520151.548255
267920061.054851
251061627.084585
234951911.083538
219597610.064849
205004874.050836
191179511.560941
178126809.644778
165851742.744133
154359113.596283
143653392.850751
133738675.407839
124618515.558857
116296008.101159
108773926.221572
102054787.821419
96140844.6932538
91033957.5361512
86735454.4218664
83246269.6184379
80566893.2702669
78697573.8584118
77638320.2191877
77388761.887135
77948074.1287279
79314903.1801504
81487559.2048888
84464062.2052246
88242179.77536
92819352.8347071
98192585.2395435
104358382.202626
111312869.315947
119051904.851082
127571085.751876
136865734.541985
146930786.428436
157760614.479552
169349319.97976
181690637.193782
194778152.306773
208605163.287551
223164557.397464
238448789.671633
254449969.684881
271159949.508368
288570333.256905
306672554.516034
325457615.49723
344916171.162346
365038559.047011
385814761.847684
407234699.227642
429288017.900731
451964081.531274
475251797.053416
499140034.601117
523616972.578134
548671085.822738
574290463.259455
600462901.932656
627176063.020531
654417028.233397
682172820.905092
710430549.499925
739176844.085743
768398365.119709
798081432.743418
828211842.371833
858775681.327556
889758626.126272
921146452.25021
952924671.117214
985078378.466268
1017592775.79177
1050452692.40982
1083643010.96096
1117148615.57532
1150954174.09356
1185044205.25117
1219402759.43769
1254014154.89241
1288862611.9891
1323932242.37655
1359207103.98577
1394670854.22469
1430307215.62393
1466099524.33434
1502031488.87095
1538086460.51939
1574247708.20445
1610498094.8718
1646820324.20554
1683196896.23074
1719610195.46049
1756042489.7123
1792475291.22263
1828890360.59695
1865268504.3303
1901590651.98488
1937837164.30529
1973988425.40594
2010024411.86101
2045924732.88953
2081668927.98396
2117236561.718
2152607596.58451
2187762048.14705
2222680384.81911
2257343959.27854
2291734501.70113
2325834924.03191
2359629642.57838
2393103878.83064
2426244641.00811
2459039865.38022
2491478778.56453
2523552081.09242
2555251455.22965
2586569489.73904
2617498980.75729
2648033280.92126
2678165689.63538
2707889297.8703
2737196861.90456
2766080910.93256
2794533420.49534
2822545611.91929
2850108905.96811
2877214517.0302
2903854100.61194
2930019592.1912
2955703570.31239
2980899373.73885
3005600787.08937
3029802769.57782
3053500693.31982
3076689970.50913
3099366120.52467
3121524628.90416
3143160067.52495
3164267181.39597
3184840114.81714
3204871993.29613
3224356607.07297
3243287018.77668
3261657342.03851
3279461574.60159
3296695006.20983
3313352923.42852
3329431055.44669
3344925944.34697
3359833241.99498
3374149548.23715
3387870102.55853
3400990414.47752
3413505056.25133
3425408536.8526
3436695756.31978
3447361359.62108
3457400987.34569
3466810689.06846
3475586798.63874
3483726302.0197
3491226679.74182
3498084890.37586
3504297830.976
3509862391.87548
3514774433.32629
3519030519.67182
3522626751.23799
3525559727.19474
3527826686.74363
3529425194.88193
3530353608.09414
3530610921.68214
3530195701.81571
3529107206.8238
3527343902.3924
3524904385.56748
3521786780.24797
3517989765.87844
3513512127.70984
3508353112.6558
3502512858.37175
3495991834.96028
3488791044.23373
3480912120.90342
3472356052.18074
3463124353.5078
3453217969.07689
3442637843.56572
3431385228.94457
3419462179.3054
3406871039.9202
3393614888.01225
3379697321.47773
3365122420.42983
3349894302.16943
3334017058.6666
3317495079.18415
3300332010.36906
3282532434.08499
3264100835.65615
3245042798.95876
3225364065.62892
3205071792.53985
3184172505.42072
3162673573.18453
3140582045.89426
3117904981.94138
3094649674.65388
3070823555.23464
3046434519.21838
3021490775.57246
2996002000.131
2969977623.17479
2943427793.6821
2916362530.22725
2888791778.70321
2860725415.6843
2832173697.40996
2803147354.38686
2773657291.15312
2743715045.21365
2713332933.58713
2682523445.41069
2651299190.82166
2619673004.10588
2587657341.28263
2555264698.39547
2522508118.25517
2489400761.15659
2455956615.10388
2422190222.54213
2388116266.94733
2353749391.38832
2319104393.80203
2284195889.59905
2249038565.5755
2213647260.98137
2178037253.53056
2142224213.6997
2106224154.38629
2070053759.96216
2033729113.82671
1997266602.39931
1960682221.84765
1923992000.28447
1887212375.07366
1850359646.07773
1813451107.85263
1776503910.07489
1739535336.88075
1702562675.58979
1665602965.28955
1628673035.72538
1591789780.48013
1554970078.93962
1518231250.15585
1481590816.74277
1445066587.52337
1408676131.97363
1372436674.1473
1336365414.95846
1300479008.50952
1264794542.60677
1229328954.88748
1194099589.14271
1159123715.33185
1124418746.86449
1090001524.3908
1055888685.48975
1022096697.30145
988641759.19616
955539953.755918
922807762.64286
890461606.849676
858517902.388618
826992592.14824
795901306.263335
765259189.788984
735081178.701278
705382105.70028
676177092.27869
647481119.6138
619308846.141099
591674658.762135
564592544.120437
538076024.823278
512138282.148393
486792369.855819
462051159.47204
437927697.748962
414434594.14835
391584332.260055
369388570.918424
347858522.694225
327005061.063802
306838916.78236
287370764.95828
268611050.050198
250570002.465608
233257210.457366
216681841.709999
200852466.883631
185777295.360074
171464408.467489
157921566.548866
145156429.281315
133176255.338549
121987807.148973
111597219.495927
102010073.943692
93231522.2974807
85266579.635425
78120067.2723349
71796578.6131679
66300208.9781885
61634404.612645
57801996.7089716
54805351.5066026
52646544.7615572
51327433.7405368
50849616.3563361
51214303.2106541
52422185.4975507
54473373.9301182
57367398.1186557
61103349.6840973
65679993.0643839
71095862.0481995
77349279.7743328
84438132.56686
92359736.7661092
101110766.507426
110687328.795751
121085179.709804
132299978.782628
144327107.482157
157161589.988475
170797953.455456
185230005.150813
200451155.239608
216454360.673387
233232376.643463
250777773.173663
269082684.72673
288138982.13004
307937966.154785
328470426.16688
349726627.019227
371696660.396171
394370315.666604
417737305.816481
441786968.991941
466508191.882303
491889360.292258
517918358.45912
544582709.213758
571870005.417562
599767598.482468
628262542.233166
657341594.775083
686990966.496709
717196416.423953
747943555.61214
779217810.340772
811004501.935169
843288778.896457
876055453.51295
909289010.71112
942973600.035871
977093088.942345
1011631048.9484
1046571207.62403
1081897195.53957
1117592396.59027
1153639920.99031
1190022358.76975
1226722327.90253
1263722176.05329
1301004386.49409
1338551588.72184
1376345899.51738
1414369386.67113
1452603852.93166
1491031003.05244
1529632305.52253
1568389542.07111
1607284450.0872
1646298609.397
1685413502.09621
1724610472.78344
1763870741.69355
1803175526.66632
1842506113.94142
1881843832.93377
1921170420.40497
1960467169.96017
1999715287.26299
2038896000.08844
2077990427.3868
2116980344.25094
2155847141.1911
2194572786.91181
2233138859.65491
2271527061.9431
2309718924.3511
2347696387.08925
2385441679.68729
2422936969.79364
2460164949.29986
2497107916.209
2533748612.79556
2570069554.58234
2606053748.34132
2641684430.62551
2676945426.0962
2711820364.87834
2746293485.5084
2780348632.57446
2813970273.73131
2847143466.25093
2879853129.64946
2912085381.44781
2943825865.82433
2975061325.75383
3005778292.68222
3035963831.3936
3065605202.21149
3094690877.86047
3123209414.5761
